87783503   Unnamed object                                      UNKN
87783503   Unknown      Plantae                                      1906 2016
87783503   Unknown                                                        20160126
HIC1180 1906  1303  1606  1807  1251
HIC1180 1910   999   591  1367  1421  1321  1092  1401  1313  1125   820
HIC1180 1920   874  1048  1355  1025  1042   903   894   859  1262  1021
HIC1180 1930   895   888   850   857   504   661   552   802   868   933
HIC1180 1940   557   800   980   760   776   792   818   568   579   498
HIC1180 1950   527   847   628   790   674  1073   853  1233  1049   862
HIC1180 1960   998   755   989   772  1213   928   986  1013   878  1257
HIC1180 1970  1088  1390  1673  1038  1266  1134  1222   899  1397  1116
HIC1180 1980  1165  1212  1224  1258  1037  1278  1861  1419   898   994
HIC1180 1990  1345  1606  1291  1982  1272  1587  1369  1278  1289  1773
HIC1180 2000  1927  1884  1333  1660  1292  1567  1823  2073  1959  2702
HIC1180 2010  1470  1676  1074  1417  1656   935 -9999
HIC1349 1922  2238  1484  1687  1046  1624  1626  2077  1875
HIC1349 1930  1448  1205   842   871   419   923  1035  1343  1864  1253
HIC1349 1940   920  1243  1824  1340  1620  2349  1586  1409   872  1552
HIC1349 1950  1527  2615  2091  1228  1131  2088  1244  1986  2344   938
HIC1349 1960  2094  1196  1212   852  1361   985   930  1083  1088  1507
HIC1349 1970  1107  1595  1449  1221  1582  1162  1235   865   909   924
HIC1349 1980  1050   797  1160  1214  1362  1240  1434  1004   980   877
HIC1349 1990  1201  1049   958  1704   990  1004   966  1260  1335  1502
HIC1349 2000  2204  1944  1082  1426   870   978   878  1211  1381  1879
HIC1349 2010  1575  1073   965  1071  1507   984 -9999